
10-1000-5000
request list:
[10.0, 50.0, 100.0, 200.0]
succ_serve_rate_list:
[1.0, 1.0, 1.0, 0.99995]
end_to_end_key_rate_list:
[0.7208399028173956, 0.7184268844180735, 0.7209741168091892, 0.7189362820256819]
consume_key_list:
[42992.97, 211464.07, 418194.76, 833847.49]
end_to_end_consume_key_list:
[30399.46, 151018.49, 300168.45, 596565.63]
50-1000-40000-50
request list:
[50, 250, 500, 1000]
succ_serve_rate_list:
[1.0, 0.964, 0.934, 0.882]
end_to_end_key_rate_list:
[0.695215611936938, 0.7367984956394272, 0.7239654508103008, 0.7262172588624908]
consume_key_list:
[1483429, 6753700, 13329864, 24062733]
end_to_end_consume_key_list:
[1031303, 4976116, 9650361, 17474772]
50-1000-40000-51
request list:
[50, 250, 500, 1000]
succ_serve_rate_list:
[1.0, 0.992, 0.934, 0.856]
end_to_end_key_rate_list:
[0.7867911801105735, 0.7575856858393376, 0.7134859530570441, 0.7045977229373481]
consume_key_list:
[1246773, 6522548, 13223411, 24214617]
end_to_end_consume_key_list:
[980950, 4941389, 9434718, 17061564]
50-1000-40000-52
request list:
[50, 250, 500, 1000]
succ_serve_rate_list:
[1.0, 0.984, 0.928, 0.874]
end_to_end_key_rate_list:
[0.7647980233836551, 0.7441483352283499, 0.701920469439017, 0.6981614396003357]
consume_key_list:
[1184246, 6630549, 13478215, 24367652]
end_to_end_consume_key_list:
[905709, 4934112, 9460635, 17012555]
50-1000-40000-53
request list:
[50, 250, 500, 1000]
succ_serve_rate_list:
[1.0, 0.952, 0.952, 0.874]
end_to_end_key_rate_list:
[0.8035962012837841, 0.701214309793971, 0.7250571032477583, 0.6959684101464017]
consume_key_list:
[1345086, 7208210, 13526376, 25348139]
end_to_end_consume_key_list:
[1080906, 5054500, 9807395, 17641504]
50-1000-40000-54
request list:
[50, 250, 500, 1000]
succ_serve_rate_list:
[0.98, 0.992, 0.926, 0.882]
end_to_end_key_rate_list:
[0.7234060679112653, 0.7273972991736251, 0.7021605077803597, 0.7219721684126347]
consume_key_list:
[1420324, 6761338, 12829484, 24093703]
end_to_end_consume_key_list:
[1027471, 4918179, 9008357, 17394983]
50-1000-40000-55
request list:
[50, 250, 500, 1000]
succ_serve_rate_list:
[1.0, 0.964, 0.932, 0.884]
end_to_end_key_rate_list:
[0.7660969677527064, 0.7283467427313123, 0.6990885270410332, 0.707179865087732]
consume_key_list:
[1527415, 6868193, 13158262, 25237438]
end_to_end_consume_key_list:
[1170148, 5002426, 9198790, 17847408]
50-1000-40000-56
request list:
[50, 250, 500, 1000]
succ_serve_rate_list:
[1.0, 0.948, 0.924, 0.911]
end_to_end_key_rate_list:
[0.8027365382679033, 0.700651644686082, 0.725727564975846, 0.72507146836139]
consume_key_list:
[1340745, 6979417, 12930151, 24837564]
end_to_end_consume_key_list:
[1076265, 4890140, 9383767, 18009009]